X: [[1.66764748e-06 1.63961029e-05 4.59745259e-08 ... 1.24773848e-01
  5.87698311e+00 0.00000000e+00]
 [2.67772460e-07 4.17050381e-06 9.38777528e-06 ... 5.91405901e+00
  1.36059050e+01 0.00000000e+00]
 [1.11347295e-05 2.94100202e-05 2.26552175e-05 ... 1.71406957e+01
  1.94343685e+01 0.00000000e+00]
 ...
 [9.01043816e-07 1.40703784e-05 3.25868359e-05 ... 1.19263754e-03
  5.19802481e-03 0.00000000e+00]
 [1.23377835e-06 3.96095602e-05 1.20256620e-05 ... 1.00826737e-05
  6.14170910e-03 0.00000000e+00]
 [1.31057446e-06 7.43089322e-06 2.48431745e-05 ... 5.54141772e-04
  4.11501682e-03 0.00000000e+00]]
